20
23 37 47
22 18 5
58 31 31
28 36 40
54 62 11
31 41 14
53 18 54
41 38 55
55 44 44
44 48 18
26 41 65
20 23 21
58 61 50
28 56 56
20 39 32
33 45 49
26 41 62
31 46 39
48 49 67
57 33 45

______________________________________________________

Expected Output
Download
22 18 5
31 41 14
20 23 21
54 62 11
26 41 65
58 31 31
20 39 32
26 41 62
44 48 18
23 37 47
53 18 54
28 36 40
31 46 39
33 45 49
57 33 45
28 56 56
41 38 55
55 44 44
48 49 67
58 61 50
______________________________________________________


22 18 5 : 0
54 62 11 : 171
31 41 14 : 172
20 23 21 : 194
26 41 65 : 256
20 39 32 : 296
58 31 31 : 317
26 41 62 : 334
23 37 47 : 390
44 48 18 : 395
53 18 54 : 443
28 36 40 : 489
31 46 39 : 597
33 45 49 : 690
57 33 45 : 707
28 56 56 : 759
41 38 55 : 778
55 44 44 : 910
48 49 67 : 1174
58 61 50 : 1306

